# legend: the first data 
538.35
394.80
392.12
379.07
357.57
396.74
246.69
384.21
358.13
383.93
261.91
383.80
232.83
360.91
372.56
224.30
373.08
369.72
365.64
324.74
332.83
334.85
360.49
392.63
390.17
391.87
367.04
225.32
369.00
275.72
780.29
786.23
840.14
707.30
612.85
531.07
386.81
285.89
274.81
293.81
282.34
295.61
256.53
233.43
250.27
252.94
252.93
284.10
271.38
262.66
249.76
245.07
235.56
278.13
255.48
234.31
255.84
235.14
281.22
252.09
256.06
243.81
246.29
266.59
245.89
306.85
283.46
294.34
277.47
313.31
302.87
239.26
282.14
287.36
281.94
251.12
266.72
290.80
313.81
301.00
275.40
276.14
280.23
259.33
245.83
292.01
260.63
274.84
242.35
263.43
233.20
274.75
393.06
399.05
329.31
264.11
283.63
339.61
270.38
256.60
257.98
262.72
255.23
242.80
273.54
266.27
261.62
292.39
283.98
285.56
259.06
264.87
265.54
274.48
266.23
263.38
251.06
251.21
252.76
249.59
274.81
255.18
297.75
262.58
413.10
426.38
376.61
303.34
286.41
282.61
269.50
273.96
232.44
296.06
287.75
289.98
294.83
286.47
285.78
324.86
333.67
244.63
257.13
239.19
267.01
273.34
255.17
278.32
258.01
246.65
232.32
243.24
237.43
233.71
254.44
436.77
394.86
339.22
269.83
280.88
268.58
277.97
248.00
303.69
249.39
307.43
265.10
251.30
311.18
249.38
255.54
245.91
227.83
251.05
239.75
250.58
229.56
260.63
233.00
214.68
243.90
237.11
237.66
234.60
238.14
241.74
236.55
241.37
255.85
239.40
279.99
304.19
471.19
417.41
345.61
314.77
247.81
270.28
258.07
251.11
285.80
286.25
248.43
258.16
242.28
259.03
270.16
263.69
267.66
245.41
233.10
263.98
263.73
254.91
262.40
276.78
247.58
244.47
233.67
253.56
256.15
251.11
235.53
251.96
241.64
235.24
243.46
263.09
228.70
282.58
251.40
244.99
243.24
367.51
429.16
348.22
277.96
288.59
252.21
274.87
265.37
255.79
271.15
231.32
264.59
254.56
265.79
227.93
233.69
250.69
233.03
272.86
256.51
252.63
250.16
240.80
246.21
273.15
261.45
213.33
230.20
254.06
251.12
222.67
254.67
248.82
230.08
251.59
239.73
259.48
246.32
252.06
248.03
247.32
241.74
232.04
253.73
231.31
250.15
266.77
265.73
258.62
240.47
269.80
263.67
267.26
250.87
251.25
262.82
259.42
257.65
257.86
241.96
235.47
454.49
400.75
349.53
256.65
240.36
232.04
280.21
247.27
247.68
255.78
246.28
240.62
260.91
227.29
223.94
241.65
225.30
258.77
276.03
257.57
280.04
263.65
236.25
279.40
269.70
250.15
226.14
229.23
234.93
234.44
248.00
261.49
239.39
230.53
263.63
267.50
269.36
251.94
245.43
252.86
257.69
270.64
238.15
270.18
242.14
268.20
247.52
235.54
233.03
217.89
269.54
255.90
250.95
250.73
243.66
250.58
235.55
230.93
243.53
233.83
247.71
249.85
235.42
268.51
236.08
247.27
255.48
291.77
245.26
236.34
224.23
242.13
231.76
252.56
254.88
278.81
228.31
259.47
218.90
275.99
405.92
442.72
377.20
292.84
263.00
278.87
272.34
265.22
230.87
252.08
263.40
242.01
283.76
275.81
241.71
249.08
220.24
275.42
265.88
257.20
253.43
256.48
230.84
233.51
230.30
267.90
231.84
264.00
237.62
225.37
262.04
249.88
264.14
239.16
268.25
276.47
227.80
224.49
419.61
461.53
406.49
298.78
265.26
250.75
259.07
242.38
318.17
295.79
264.50
270.35
259.36
253.10
270.90
261.77
274.13
248.13
228.74
258.69
257.32
270.32
257.31
234.37
255.26
233.04
229.94
250.10
261.75
483.41
416.63
348.62
258.90
224.23
224.45
297.59
293.77
271.91
246.27
254.88
281.33
259.00
235.50
243.21
249.83
275.39
251.48
261.59
274.30
259.17
286.70
286.13
275.60
263.11
272.02
260.87
247.22
302.73
270.43
274.68
273.52
249.07
282.06
333.93
478.31
446.54
360.04
325.23
274.40
290.73
281.31
271.39
245.84
249.94
265.17
259.14
290.27
281.46
255.17
245.19
267.48
269.33
247.52
260.35
267.86
259.17
262.73
259.45
280.87
266.53
258.57
285.18
270.19
262.19
290.86
277.55
274.55
254.64
274.54
245.15
251.80
259.64
270.73
278.47
259.22
275.49
282.55
248.08
249.81
266.47
253.81
255.89
279.57
275.73
256.72
258.46
250.54
281.82
257.47
272.93
254.10
277.58
288.04
274.64
250.10
286.88
268.62
288.10
259.12
259.86
269.54
263.15
260.89
246.19
269.89
277.55
270.94
243.74
249.03
247.93
227.25
241.40
250.31
255.64
239.55
230.07
227.02
251.99
248.38
215.91
244.13
228.00
257.99
235.94
255.49
233.70
251.16
224.07
239.75
250.19
248.32
258.38
227.39
280.11
248.86
244.32
229.06
268.25
241.45
259.16
254.24
262.62
247.42
235.92
304.05
279.28
260.03
239.73
252.02
243.91
249.15
251.57
258.93
232.95
260.88
233.15
259.80
231.25
228.90
264.72
274.28
269.60
230.86
227.42
237.01
262.60
236.42
226.06
261.72
258.66
233.65
229.95
227.97
216.80
238.47
251.04
227.63
219.83
228.08
243.39
223.67
231.46
267.42
247.15
246.59
249.79
230.68
233.92
239.43
252.44
225.69
223.92
247.97
248.87
247.74
221.36
234.14
260.73
231.87
240.49
241.35
236.31
256.76
223.08
263.48
285.30
500.26
444.84
406.06
294.54
260.86
258.57
220.85
229.10
230.16
222.84
239.64
231.30
244.50
191.22
246.06
208.29
232.82
203.94
258.62
200.68
224.79
208.81
230.38
201.30
260.95
260.78
248.47
251.45
252.98
248.54
258.11
234.29
239.69
237.89
243.51
232.71
251.72
260.33
231.83
251.36
254.15
236.46
219.90
250.75
230.73
232.65
234.19
229.92
252.37
220.45
237.54
248.59
259.55
240.59
269.57
259.09
225.85
240.44
224.53
227.03
231.47
226.77
236.57
228.99
248.98
226.30
243.30
258.42
251.87
248.79
254.68
233.51
247.23
241.35
271.20
251.00
271.98
283.43
260.84
208.98
244.44
254.29
265.84
263.44
259.50
228.36
221.99
224.37
256.38
235.18
266.07
267.30
243.57
266.48
264.15
259.46
243.85
226.00
252.18
242.20
230.06
228.85
263.49
249.59
254.42
249.68
236.80
265.80
269.20
224.13
245.45
227.19
