# Legend: legend or Legend
332.06
323.33
331.80
191.19
318.67
395.21
237.42
376.14
341.98
351.87
309.69
340.78
338.65
343.68
378.64
256.50
371.36
312.59
364.91
232.78
347.65
358.36
216.16
356.34
344.97
346.33
342.65
344.00
357.72
407.83
556.62
510.93
353.02
349.32
351.84
350.11
375.88
260.17
397.43
239.86
360.35
357.48
346.25
331.31
340.59
342.11
357.47
356.25
356.24
351.39
350.81
340.12
341.54
332.42
326.47
330.11
345.30
349.83
350.17
347.72
343.28
352.25
232.20
342.48
353.23
342.19
341.44
495.97
503.39
353.08
349.56
345.20
335.10
336.44
336.67
339.14
339.88
340.74
339.13
336.83
337.36
337.41
344.59
342.77
341.72
335.30
338.78
352.74
341.84
350.08
352.54
349.94
338.79
351.41
329.46
347.19
343.30
343.88
340.87
337.61
337.81
339.79
339.24
360.46
362.03
341.98
353.71
243.11
349.49
361.48
310.21
339.50
362.94
353.98
364.91
347.04
342.44
340.27
348.53
339.21
356.12
241.33
252.81
316.31
340.95
366.87
350.87
348.91
338.94
341.22
220.02
331.63
200.71
347.73
216.15
385.81
267.82
524.91
376.36
372.68
384.73
235.15
333.95
335.14
339.05
355.15
210.69
355.28
340.50
212.18
295.65
342.32
349.53
342.89
339.09
348.93
360.43
237.81
344.68
193.49
348.09
192.55
350.74
345.58
336.21
338.80
345.66
210.44
339.97
222.77
342.96
193.36
333.99
332.08
334.94
356.16
355.42
314.63
355.87
221.75
346.61
203.26
220.12
218.95
210.36
211.69
383.64
218.29
365.07
226.22
276.86
359.74
363.16
215.68
373.52
226.99
360.01
350.68
356.82
366.68
344.70
337.24
215.17
301.92
209.04
358.10
200.98
346.43
349.71
203.93
347.14
339.84
342.25
350.14
211.29
338.77
478.66
498.85
499.41
356.62
366.38
351.55
352.11
353.21
347.54
359.09
361.09
366.94
354.38
349.37
342.55
355.66
221.73
369.34
206.88
348.48
198.04
356.84
211.48
368.59
356.40
214.41
344.81
199.41
354.67
208.22
352.79
201.00
233.69
354.14
352.42
356.93
352.32
347.92
347.56
198.47
340.51
348.91
351.11
345.15
249.51
349.02
290.27
336.53
197.40
345.87
343.85
346.44
336.60
302.63
350.17
206.49
343.64
205.72
351.15
229.17
338.80
339.11
340.96
343.28
216.64
387.67
251.64
545.34
341.66
356.85
375.52
366.11
339.30
339.96
352.75
373.45
370.32
367.07
229.52
355.42
252.14
370.47
354.06
343.61
353.88
361.72
369.54
357.22
342.61
340.83
339.52
340.70
413.76
256.79
396.25
342.73
356.88
360.85
363.53
385.42
309.31
257.14
253.24
458.17
404.72
434.09
283.68
394.68
277.55
394.35
288.16
253.38
263.23
423.48
267.92
421.28
400.02
273.51
397.96
380.23
309.38
439.77
266.70
248.88
381.18
383.04
378.99
371.02
402.16
250.04
411.78
389.54
268.87
415.88
293.05
403.38
248.92
378.02
393.05
275.19
391.99
247.59
383.41
380.65
380.78
371.80
390.45
412.72
285.58
403.57
384.23
271.55
424.25
391.66
599.30
380.02
397.75
383.00
374.86
374.04
383.35
392.98
387.63
385.73
387.97
396.54
237.59
374.86
378.23
230.59
373.02
363.94
250.98
350.92
250.87
370.98
228.65
382.35
373.72
238.46
392.52
216.58
369.95
377.64
223.33
388.25
227.40
385.13
379.09
250.56
365.03
205.26
362.46
359.20
234.60
751.33
859.23
820.66
627.70
513.46
432.68
280.01
260.82
259.36
252.20
258.30
265.94
259.32
256.04
246.92
306.59
244.62
245.73
267.13
251.52
275.64
309.28
270.23
277.63
372.70
350.18
351.62
359.48
357.69
250.21
365.21
235.37
370.92
199.43
368.34
532.03
560.17
414.49
407.40
413.33
391.65
278.35
383.85
375.34
369.43
249.19
360.99
244.75
364.75
347.44
343.66
359.00
375.63
371.89
378.05
361.30
356.24
513.21
529.72
386.54
376.67
378.22
386.97
286.32
357.35
340.21
364.35
362.83
223.69
357.19
239.16
350.48
249.00
360.25
362.81
353.13
336.31
212.79
419.92
569.23
374.50
372.51
367.05
248.59
342.25
352.63
365.27
356.47
368.06
244.36
395.08
272.61
359.44
366.48
391.65
223.53
372.20
344.19
212.44
353.04
214.20
370.41
219.99
379.49
222.41
387.01
527.39
535.67
359.85
361.21
352.01
351.38
365.60
358.76
344.51
362.74
372.50
374.10
366.04
357.57
352.58
360.97
358.25
345.62
345.21
344.39
353.59
358.06
358.20
363.67
370.41
362.61
365.42
372.67
531.20
535.91
412.25
521.19
360.51
373.40
359.68
361.06
337.97
339.55
219.65
355.08
359.20
353.31
358.62
364.20
361.07
356.31
352.43
361.40
370.12
213.66
386.86
371.55
214.83
361.44
515.49
521.58
533.33
396.91
373.57
388.82
371.17
247.91
377.52
220.06
370.45
361.44
232.74
365.49
205.34
364.45
364.73
204.96
354.58
366.67
358.41
372.14
367.62
369.14
526.73
541.73
518.28
370.51
355.97
343.12
350.51
349.83
362.14
344.90
360.55
370.57
359.68
366.46
348.64
362.63
355.57
361.10
355.20
338.55
339.45
352.28
344.39
365.38
518.86
537.07
385.01
422.73
403.26
364.23
221.65
360.60
348.48
352.68
348.66
224.69
343.77
201.28
372.44
247.35
336.99
351.66
341.05
343.14
354.97
345.26
346.56
225.10
352.37
351.48
362.74
432.91
289.15
582.55
530.48
384.90
374.54
353.78
360.93
358.90
351.83
210.77
348.23
211.41
364.88
243.63
341.84
212.59
361.42
360.83
352.95
355.63
232.38
346.62
360.68
359.16
367.01
212.90
351.55
561.33
582.42
394.59
389.31
410.61
386.21
371.20
339.16
378.06
370.19
384.19
246.39
356.96
350.92
380.47
399.37
249.34
396.32
381.05
388.66
364.48
219.18
389.13
364.84
351.02
372.49
246.51
409.20
232.85
366.54
362.80
363.49
362.82
229.77
358.41
282.19
676.48
515.20
519.69
359.69
376.67
405.09
381.89
354.35
354.89
363.87
378.39
213.36
369.94
338.33
353.12
361.09
367.30
347.74
365.64
380.06
362.04
364.93
360.71
367.58
386.42
367.19
410.16
557.81
569.32
520.55
365.79
361.65
372.99
363.27
358.68
361.45
224.73
363.39
228.20
350.03
210.50
365.16
372.91
365.96
368.48
381.95
384.01
380.00
380.22
367.26
547.09
544.04
385.75
363.77
362.78
358.40
372.07
370.15
374.34
365.29
347.99
356.36
345.86
343.12
356.02
352.42
362.60
372.88
356.71
346.19
351.66
678.91
519.30
366.50
393.88
373.65
358.94
357.09
377.13
385.24
362.40
352.09
350.49
348.02
342.52
355.77
367.27
382.43
250.78
356.94
359.47
355.67
343.08
343.55
359.80
534.74
531.77
369.34
351.01
342.01
321.05
328.97
359.68
360.03
341.35
342.42
348.40
353.95
351.32
354.89
354.19
350.49
346.27
349.72
349.87
341.51
348.65
357.62
344.34
341.10
342.98
345.14
368.85
352.28
367.61
356.37
359.31
352.56
366.58
360.02
357.65
360.50
343.41
350.84
346.57
356.29
347.10
343.43
348.67
655.78
500.65
378.22
350.20
360.73
362.42
372.62
348.56
345.78
345.53
344.77
359.43
226.42
361.49
233.18
369.37
220.14
352.49
341.01
346.65
344.12
344.02
348.70
360.75
382.00
227.46
379.79
350.58
379.63
403.26
426.93
426.44
422.09
433.93
257.59
251.02
400.13
233.99
252.77
432.21
421.61
405.13
423.70
255.03
391.13
220.82
393.21
366.05
223.12
382.77
215.80
392.05
380.58
232.53
394.01
234.41
400.00
399.03
411.60
387.13
382.65
222.48
404.32
255.05
393.90
219.83
385.46
257.43
367.92
568.22
564.41
401.51
402.74
396.52
408.77
384.89
396.52
258.76
380.07
362.82
358.33
374.40
404.79
381.77
392.92
397.50
383.94
377.16
370.03
343.87
361.03
222.31
363.57
343.79
348.75
387.05
403.23
403.15
541.66
550.31
384.34
383.27
391.66
380.42
220.33
374.57
236.43
376.42
381.99
367.32
369.18
370.63
367.26
368.21
213.97
387.18
387.82
226.96
392.52
375.63
374.76
363.34
355.46
347.68
365.56
867.88
726.57
